cuenta=10000.00000000
risk=0.80000000
sl=0.00010000
tp=0.00190000
forzarTp=1
cerrarSiHayTp=1
minimoParaOperar=0.00000000
minimoParaUsarLoca=0.00000000
breakEvenEnabled=0
breakEvenFactor=0.20000000
trailingStopEnabled=0
trailingStopFactor=0.00000000
horaComienzo=14
minutoComienzo=0
horaFin=14
minutoFin=5
dividirEntre=1.00000000
licencia=
